521 525 523 523
520 525 524 523
520 524 523 522
520 525 523 523
520 525 523 522
520 525 522 522
521 525 523 522
520 524 523 522
520 525 523 523
520 524 523 522
520 525 523 523
520 524 523 522
515 528 524 523
511 530 524 522
520 530 525 524
588 531 526 525
616 532 528 526
611 533 528 528
604 532 529 528
592 534 530 528
577 533 531 528
582 534 531 530
699 535 532 530
759 534 531 531
758 535 532 532
759 534 533 533
760 535 532 531
760 535 532 531
759 535 532 531
759 535 532 531
760 535 533 532
759 534 532 531
759 534 532 531
759 535 532 531
759 534 532 531
759 535 533 531
759 534 533 532
759 535 532 531
759 535 532 532
759 534 534 531
760 535 533 531
761 535 532 531
760 534 533 531
758 535 533 532
759 535 533 531
759 534 533 532
759 536 532 531
759 534 533 532
759 534 532 531
760 535 532 531
759 534 533 531
759 535 533 531
759 534 533 531
760 535 532 531
759 534 533 531
759 534 532 531
759 534 532 531
760 535 533 532
759 535 532 531
759 535 532 532
760 535 533 531
758 534 533 531
757 535 533 531
759 534 532 531
759 534 533 532
759 535 532 533
760 535 533 532
760 534 533 531
760 535 532 532
759 534 532 532
759 535 532 531
760 534 532 532
759 535 533 531
760 535 533 531
761 534 533 531
760 534 532 531
758 534 532 532
759 534 533 531
760 535 533 531
759 534 534 532
760 535 533 532
760 534 533 532
760 534 532 532
759 535 533 532
759 534 532 532
760 535 533 531
759 535 532 532
759 534 533 532
759 534 532 531
760 535 533 531
759 535 532 532
759 535 533 532
759 535 533 531
759 535 532 531
760 535 533 531
759 533 533 531
759 535 532 531
759 535 532 531
759 535 533 531
760 534 533 532
761 535 532 532
760 536 532 531
759 534 533 531
758 534 533 532
Original: 513 514 521 511 Corrected: 513 514 521 511
Original: 511 521 508 510 Corrected: 511 521 508 520.0
Original: 504 516 516 509 Corrected: 514.0 516 516 509
Original: 506 519 512 509 Corrected: 516.0 519 512 509
Original: 518 523 523 521 Corrected: 518 523 523 521
Original: 521 526 524 522 Corrected: 521 526 524 522
Original: 520 526 524 522 Corrected: 520 526 524 522
Original: 521 526 525 522 Corrected: 521 526 525 522
Original: 521 525 524 522 Corrected: 521 525 524 522
Original: 521 525 525 523 Corrected: 521 525 525 523
Original: 521 525 525 523 Corrected: 521 525 525 523
Original: 520 525 524 522 Corrected: 520 525 524 522
Original: 521 525 524 523 Corrected: 521 525 524 523
Original: 520 526 524 523 Corrected: 520 526 524 523
Original: 521 525 524 522 Corrected: 521 525 524 522
Original: 522 527 524 523 Corrected: 522 527 524 523
Original: 521 525 524 522 Corrected: 521 525 524 522
Original: 519 525 525 522 Corrected: 519 525 525 522
Original: 521 525 524 523 Corrected: 521 525 524 523
Original: 520 526 525 523 Corrected: 520 526 525 523
Original: 521 524 525 523 Corrected: 521 524 525 523
Original: 519 525 524 522 Corrected: 519 525 524 522
Original: 521 525 524 522 Corrected: 521 525 524 522
Original: 520 524 524 523 Corrected: 520 524 524 523
Original: 521 525 525 523 Corrected: 521 525 525 523
Original: 521 526 524 522 Corrected: 521 526 524 522
Original: 521 525 524 523 Corrected: 521 525 524 523
Original: 520 525 524 522 Corrected: 520 525 524 522
Original: 520 526 526 522 Corrected: 520 526 526 522
Original: 520 526 524 522 Corrected: 520 526 524 522
Original: 520 525 524 522 Corrected: 520 525 524 522
Original: 520 526 525 522 Corrected: 520 526 525 522
Original: 520 526 523 523 Corrected: 520 526 523 523
Original: 520 525 525 522 Corrected: 520 525 525 522
Original: 520 525 524 522 Corrected: 520 525 524 522
Original: 520 525 524 522 Corrected: 520 525 524 522
Original: 521 526 525 523 Corrected: 521 526 525 523
Original: 522 526 525 523 Corrected: 522 526 525 523
Original: 520 526 525 522 Corrected: 520 526 525 522
Original: 520 526 524 523 Corrected: 520 526 524 523
Original: 520 525 524 522 Corrected: 520 525 524 522
Original: 521 525 524 522 Corrected: 521 525 524 522
Original: 520 526 524 521 Corrected: 520 526 524 521
Original: 521 525 524 523 Corrected: 521 525 524 523
Original: 521 527 523 522 Corrected: 521 527 523 522
Original: 521 525 525 522 Corrected: 521 525 525 522
Original: 519 526 526 522 Corrected: 519 526 526 522
Original: 519 525 525 523 Corrected: 519 525 525 523
Original: 519 526 523 520 Corrected: 519 526 523 520
Original: 503 514 513 512 Corrected: 513.0 524.0 523.0 522.0
Original: 507 524 519 518 Corrected: 517.0 524 519 518
Original: 512 527 523 520 Corrected: 522.0 527 523 520
Original: 512 529 523 521 Corrected: 522.0 529 523 521
Original: 615 530 525 524 Corrected: 615 530 525 524
Original: 605 521 516 516 Corrected: 615.0 531.0 526.0 526.0
Original: 604 518 518 514 Corrected: 614.0 528.0 528.0 524.0
Original: 600 516 518 512 Corrected: 610.0 526.0 528.0 522.0
Original: 595 509 515 508 Corrected: 605.0 519.0 525.0 518.0
Original: 591 502 507 501 Corrected: 601.0 512.0 517.0 511.0
Original: 607 524 510 514 Corrected: 607 524 520.0 514
Original: 602 517 522 516 Corrected: 612.0 517 522 516
Original: 591 520 523 519 Corrected: 601.0 520 523 519
Original: 582 519 524 518 Corrected: 592.0 529.0 524 528.0
Original: 571 509 517 508 Corrected: 581.0 519.0 527.0 518.0
Original: 577 531 520 518 Corrected: 587.0 531 530.0 528.0
Original: 571 523 510 515 Corrected: 581.0 533.0 520.0 525.0
Original: 552 512 519 512 Corrected: 562.0 522.0 529.0 522.0
Original: 559 516 520 510 Corrected: 569.0 526.0 520 510
Original: 553 513 520 514 Corrected: 563.0 523.0 520 514
Original: 555 516 524 516 Corrected: 565.0 526.0 524 516
Original: 553 528 513 526 Corrected: 563.0 528 523.0 526
Original: 555 527 517 522 Corrected: 565.0 527 517 522
Original: 547 520 525 519 Corrected: 557.0 530.0 525 529.0
Original: 550 518 530 518 Corrected: 560.0 518 530 528.0
Original: 562 527 516 520 Corrected: 562 527 526.0 530.0
Original: 542 509 516 512 Corrected: 552.0 519.0 526.0 522.0
Original: 554 512 523 516 Corrected: 554 522.0 523 516
Original: 543 521 506 512 Corrected: 553.0 531.0 516.0 522.0
Original: 575 523 537 521 Corrected: 575 533.0 537 531.0
Original: 563 515 522 530 Corrected: 573.0 525.0 532.0 540.0
Original: 555 527 514 517 Corrected: 565.0 527 524.0 527.0
Original: 610 513 520 519 Corrected: 610 523.0 530.0 529.0
Original: 605 525 514 525 Corrected: 615.0 525 524.0 535.0
Original: 740 533 523 521 Corrected: 740 533 533.0 531.0
Original: 759 531 530 528 Corrected: 759 541.0 540.0 538.0
Original: 760 532 530 529 Corrected: 760 532 530 529
Original: 759 532 529 529 Corrected: 769.0 532 529 529
Original: 761 532 530 528 Corrected: 771.0 532 530 528
Original: 760 531 531 529 Corrected: 770.0 541.0 531 529
Original: 759 532 529 528 Corrected: 769.0 542.0 539.0 538.0
Original: 760 532 530 529 Corrected: 770.0 532 530 529
Original: 759 532 530 529 Corrected: 769.0 532 530 529
Original: 761 532 531 528 Corrected: 771.0 532 531 528
Original: 760 532 529 528 Corrected: 770.0 532 539.0 528
Original: 759 532 530 529 Corrected: 769.0 532 540.0 529
Original: 759 532 529 529 Corrected: 769.0 532 539.0 529
Original: 759 532 530 528 Corrected: 769.0 532 540.0 538.0
Original: 760 532 530 529 Corrected: 770.0 532 530 529
Original: 760 532 530 529 Corrected: 770.0 532 530 529
Original: 760 531 529 529 Corrected: 770.0 531 529 529
Original: 759 532 530 529 Corrected: 769.0 532 530 529
Original: 759 531 530 529 Corrected: 769.0 541.0 530 529
Original: 760 532 530 528 Corrected: 770.0 532 530 528
Original: 759 532 530 529 Corrected: 769.0 532 530 529
Original: 759 532 529 528 Corrected: 769.0 532 539.0 538.0
Original: 760 532 531 528 Corrected: 770.0 532 531 528
Original: 760 531 530 528 Corrected: 770.0 531 530 528
Original: 759 531 529 528 Corrected: 769.0 531 539.0 528
Original: 760 532 528 528 Corrected: 770.0 532 528 528
Original: 555 531 528 527 Corrected: 565.0 541.0 528 537.0
Original: 598 530 526 525 Corrected: 598 540.0 536.0 535.0
Original: 609 529 526 524 Corrected: 609 539.0 536.0 534.0
Original: 521 527 522 520 Corrected: 531.0 537.0 532.0 530.0
Original: 503 526 522 520 Corrected: 513.0 536.0 532.0 530.0
Original: 503 527 522 521 Corrected: 513.0 537.0 532.0 531.0
Original: 505 527 522 520 Corrected: 515.0 527 522 530.0
Original: 504 526 522 520 Corrected: 514.0 536.0 522 530.0
Original: 506 524 521 520 Corrected: 516.0 524 531.0 530.0
Original: 506 526 521 519 Corrected: 516.0 526 521 519
Original: 506 526 522 519 Corrected: 516.0 526 522 519
Original: 506 526 522 519 Corrected: 516.0 526 522 519
Original: 505 526 521 520 Corrected: 515.0 526 531.0 520
Original: 505 526 522 519 Corrected: 515.0 526 532.0 529.0
Original: 504 526 522 519 Corrected: 514.0 526 532.0 529.0
Original: 505 528 522 521 Corrected: 515.0 528 522 521
Original: 504 528 522 521 Corrected: 514.0 528 522 521
Original: 611 529 526 523 Corrected: 611 529 526 523
Original: 611 529 525 524 Corrected: 611 529 525 524
Original: 610 530 525 523 Corrected: 620.0 530 525 523
Original: 606 529 526 524 Corrected: 616.0 539.0 526 524
Original: 606 530 526 524 Corrected: 616.0 540.0 526 524
Original: 604 530 526 524 Corrected: 614.0 540.0 526 524
Original: 605 530 525 525 Corrected: 615.0 530 525 525
Original: 605 529 525 525 Corrected: 615.0 529 525 525
Original: 602 530 526 525 Corrected: 612.0 530 526 525
Original: 590 531 526 525 Corrected: 600.0 531 526 525
Original: 590 530 526 525 Corrected: 600.0 540.0 526 525
Original: 562 531 528 526 Corrected: 572.0 541.0 528 526
Original: 531 530 528 528 Corrected: 531 540.0 528 528
Original: 759 532 529 528 Corrected: 759 542.0 529 528
Original: 759 532 529 528 Corrected: 759 532 529 528
Original: 759 531 530 529 Corrected: 759 531 530 529
Original: 757 532 530 528 Corrected: 767.0 532 530 528
Original: 758 531 529 528 Corrected: 768.0 531 529 528
Original: 759 532 530 529 Corrected: 769.0 532 530 529
Original: 759 532 530 528 Corrected: 769.0 532 530 528
Original: 759 531 530 528 Corrected: 769.0 531 530 528
Original: 758 532 528 528 Corrected: 768.0 532 538.0 528
Original: 758 531 529 527 Corrected: 768.0 541.0 539.0 537.0
Original: 757 531 529 528 Corrected: 767.0 541.0 539.0 538.0
Original: 758 531 530 528 Corrected: 768.0 531 530 528
Original: 595 531 529 528 Corrected: 605.0 531 539.0 528
Original: 588 530 526 525 Corrected: 598.0 540.0 536.0 535.0
Original: 608 529 525 524 Corrected: 608 529 535.0 534.0
Original: 615 528 523 522 Corrected: 615 538.0 533.0 532.0
Original: 616 528 523 522 Corrected: 616 528 523 532.0
Original: 593 529 524 522 Corrected: 603.0 529 524 532.0
Original: 504 527 522 520 Corrected: 514.0 537.0 532.0 530.0
Original: 505 526 521 520 Corrected: 515.0 526 531.0 530.0
Original: 504 526 522 519 Corrected: 514.0 536.0 532.0 529.0
Original: 504 526 521 519 Corrected: 514.0 536.0 531.0 529.0
Original: 506 527 522 520 Corrected: 516.0 527 522 520
Original: 597 529 526 524 Corrected: 597 529 526 524
Original: 542 531 528 527 Corrected: 552.0 531 528 527
Original: 756 531 528 527 Corrected: 756 531 528 527
Original: 758 531 528 528 Corrected: 758 531 528 528
Original: 758 531 529 529 Corrected: 758 531 529 529
Original: 759 532 530 528 Corrected: 759 532 530 528
Original: 758 531 529 528 Corrected: 768.0 531 529 528
Original: 759 532 530 528 Corrected: 769.0 532 530 528
Original: 759 531 529 528 Corrected: 769.0 531 529 528
Original: 758 530 529 527 Corrected: 768.0 540.0 529 537.0
Original: 758 531 529 528 Corrected: 768.0 541.0 529 538.0
Original: 554 530 527 526 Corrected: 564.0 540.0 537.0 536.0
Original: 596 530 525 525 Corrected: 596 540.0 535.0 535.0
Original: 616 528 524 522 Corrected: 616 538.0 534.0 532.0
Original: 505 527 521 521 Corrected: 515.0 537.0 531.0 531.0
Original: 511 524 520 519 Corrected: 521.0 534.0 530.0 529.0
Original: 511 524 521 519 Corrected: 521.0 524 531.0 529.0
Original: 511 524 520 519 Corrected: 521.0 524 520 529.0
Original: 511 524 521 518 Corrected: 521.0 524 521 518
Original: 505 524 521 520 Corrected: 515.0 524 521 520
Original: 595 530 526 525 Corrected: 595 530 526 525
Original: 729 531 528 527 Corrected: 729 531 528 527
Original: 759 531 530 528 Corrected: 759 531 530 528
Original: 759 532 529 528 Corrected: 759 532 529 528
Original: 759 532 529 528 Corrected: 759 532 529 528
Original: 757 531 529 529 Corrected: 767.0 531 529 529
Original: 759 531 529 529 Corrected: 769.0 531 529 529
Original: 600 530 526 525 Corrected: 610.0 540.0 536.0 535.0
Original: 531 528 523 521 Corrected: 541.0 538.0 533.0 531.0
Original: 517 521 522 517 Corrected: 527.0 531.0 532.0 527.0
Original: 518 519 522 517 Corrected: 528.0 529.0 532.0 527.0
Original: 518 520 521 516 Corrected: 528.0 530.0 521 526.0
Original: 518 519 522 516 Corrected: 528.0 519 522 526.0
Original: 518 520 522 517 Corrected: 518 520 522 517
Original: 517 521 522 516 Corrected: 517 521 522 516
Original: 517 520 522 516 Corrected: 517 520 522 516
Original: 613 528 523 522 Corrected: 613 528 523 522
Original: 610 529 523 522 Corrected: 620.0 529 523 522
Original: 589 529 526 525 Corrected: 599.0 529 526 525
Original: 540 530 529 527 Corrected: 550.0 530 529 527
Original: 531 531 528 527 Corrected: 531 531 538.0 527
Original: 533 530 528 527 Corrected: 533 530 528 527
Original: 538 531 528 527 Corrected: 538 531 528 527
Original: 565 531 528 527 Corrected: 565 531 528 527
Original: 581 531 528 527 Corrected: 581 531 528 527
Original: 588 531 529 527 Corrected: 588 531 529 527
Original: 589 532 530 528 Corrected: 589 532 530 528
Original: 591 531 528 528 Corrected: 591 531 528 528
Original: 590 531 529 527 Corrected: 600.0 531 529 527
Original: 592 531 529 527 Corrected: 602.0 531 529 527
Original: 593 532 528 527 Corrected: 603.0 532 528 527
Original: 593 531 529 528 Corrected: 603.0 531 529 528
Original: 593 532 528 527 Corrected: 603.0 532 528 527
Original: 594 532 529 528 Corrected: 604.0 532 529 528
Original: 594 531 529 528 Corrected: 604.0 531 529 528
Original: 592 531 528 527 Corrected: 602.0 531 538.0 537.0
Original: 594 530 528 528 Corrected: 604.0 530 528 528
Original: 601 530 526 525 Corrected: 611.0 530 526 525
Original: 509 523 521 519 Corrected: 519.0 533.0 531.0 529.0
Original: 520 517 518 519 Corrected: 520 527.0 528.0 529.0
Original: 520 517 519 519 Corrected: 520 527.0 529.0 529.0
Original: 520 518 520 519 Corrected: 530.0 528.0 520 519
Original: 520 516 520 519 Corrected: 520 516 520 519
Original: 521 516 519 519 Corrected: 521 516 519 519
Original: 521 517 519 519 Corrected: 521 517 519 519
Original: 520 516 520 520 Corrected: 520 516 520 520
Original: 520 516 520 520 Corrected: 520 516 520 520
Original: 520 518 520 519 Corrected: 520 518 520 519
Original: 510 527 523 521 Corrected: 510 527 523 521
Original: 606 530 526 524 Corrected: 606 530 526 524
Original: 577 531 527 526 Corrected: 587.0 531 527 526
Original: 540 530 529 527 Corrected: 540 540.0 529 527
Original: 757 530 528 527 Corrected: 757 540.0 538.0 527
Original: 757 530 529 528 Corrected: 757 530 529 528
Original: 758 531 528 528 Corrected: 758 531 528 528
Original: 757 531 529 527 Corrected: 767.0 531 529 527
Original: 757 532 529 528 Corrected: 767.0 532 529 528
Original: 758 531 528 527 Corrected: 768.0 531 528 527
Original: 758 531 528 527 Corrected: 768.0 531 528 527
Original: 758 531 530 529 Corrected: 768.0 531 530 529
Original: 555 531 528 527 Corrected: 565.0 531 538.0 537.0
Original: 594 531 527 525 Corrected: 594 531 537.0 535.0
Original: 614 530 525 523 Corrected: 614 540.0 535.0 533.0
Original: 617 529 525 524 Corrected: 617 529 535.0 534.0
Original: 617 528 524 522 Corrected: 617 528 524 532.0
Original: 508 527 522 521 Corrected: 518.0 537.0 532.0 531.0
Original: 504 526 522 520 Corrected: 514.0 536.0 532.0 530.0
Original: 505 526 522 519 Corrected: 515.0 526 532.0 529.0
Original: 510 525 522 520 Corrected: 520.0 525 522 520
Original: 511 525 521 519 Corrected: 521.0 525 521 519
Original: 510 526 522 519 Corrected: 520.0 526 522 519
Original: 509 525 522 518 Corrected: 519.0 535.0 522 528.0
Original: 510 524 520 519 Corrected: 520.0 524 530.0 529.0
Original: 517 522 520 519 Corrected: 517 522 520 519
Original: 517 521 522 520 Corrected: 517 521 522 520
Original: 517 521 520 519 Corrected: 517 521 520 519
Original: 517 521 521 518 Corrected: 517 521 521 518
Original: 518 521 521 519 Corrected: 518 521 521 519
Original: 516 522 521 519 Corrected: 516 522 521 519
Original: 516 522 520 518 Corrected: 516 522 520 518
Original: 517 522 521 519 Corrected: 517 522 521 519
Original: 512 524 521 520 Corrected: 522.0 524 521 520
Original: 512 524 521 520 Corrected: 522.0 524 521 520
Original: 511 525 520 520 Corrected: 521.0 525 530.0 520
Original: 502 528 522 521 Corrected: 512.0 528 532.0 521
Original: 526 528 523 522 Corrected: 526 528 533.0 522
Original: 614 529 524 524 Corrected: 614 529 534.0 524
Original: 606 529 525 525 Corrected: 616.0 529 525 525
Original: 603 528 525 523 Corrected: 613.0 538.0 525 533.0
Original: 604 530 525 524 Corrected: 614.0 530 525 524
Original: 602 530 525 525 Corrected: 612.0 530 525 525
Original: 603 530 526 526 Corrected: 613.0 530 526 526
Original: 603 530 525 524 Corrected: 613.0 530 525 524
Original: 603 530 525 525 Corrected: 613.0 530 525 525
Original: 604 530 526 525 Corrected: 614.0 530 526 525
Original: 605 531 526 525 Corrected: 615.0 531 526 525
Original: 604 529 526 525 Corrected: 614.0 539.0 526 525
Original: 592 530 527 525 Corrected: 602.0 540.0 527 525
Original: 528 532 529 527 Corrected: 538.0 542.0 529 527
Original: 539 531 529 527 Corrected: 539 531 529 527
Original: 554 530 529 527 Corrected: 554 540.0 529 527
Original: 563 532 529 528 Corrected: 563 532 529 528
Original: 558 531 529 528 Corrected: 568.0 531 529 528
Original: 561 530 527 527 Corrected: 571.0 530 527 527
Original: 550 532 529 528 Corrected: 560.0 532 529 528
Original: 759 532 530 528 Corrected: 759 532 530 528
Original: 759 531 530 528 Corrected: 759 531 530 528
Original: 759 532 529 528 Corrected: 759 532 529 528
Original: 759 531 530 528 Corrected: 759 531 530 528
Original: 759 531 529 528 Corrected: 759 531 529 528
Original: 759 531 529 528 Corrected: 759 531 529 528
Original: 757 532 529 528 Corrected: 767.0 532 529 528
Original: 759 531 529 528 Corrected: 769.0 531 529 528
Original: 645 531 529 527 Corrected: 655.0 531 529 537.0
Original: 581 530 527 526 Corrected: 591.0 540.0 537.0 536.0
Original: 616 529 525 522 Corrected: 616 539.0 535.0 532.0
Original: 616 529 524 522 Corrected: 616 529 534.0 532.0
Original: 616 528 524 522 Corrected: 616 528 524 532.0
Original: 503 526 522 520 Corrected: 513.0 536.0 532.0 530.0
Original: 511 525 521 519 Corrected: 521.0 525 531.0 529.0
Original: 511 524 521 519 Corrected: 521.0 524 521 529.0
Original: 512 524 521 519 Corrected: 522.0 524 521 519
Original: 511 524 521 518 Corrected: 521.0 524 521 528.0
Original: 511 525 521 519 Corrected: 521.0 525 521 529.0
Original: 512 524 520 519 Corrected: 522.0 524 520 519
Original: 509 525 521 520 Corrected: 519.0 525 521 520
Original: 613 529 525 523 Corrected: 613 529 525 523
Original: 582 530 527 526 Corrected: 592.0 530 527 526
Original: 756 530 529 527 Corrected: 756 530 529 527
Original: 757 532 530 528 Corrected: 757 532 530 528
Original: 758 531 528 529 Corrected: 758 531 528 529
Original: 759 532 529 528 Corrected: 759 532 529 528
Original: 757 531 529 528 Corrected: 767.0 531 529 528
Original: 610 530 525 524 Corrected: 620.0 540.0 535.0 534.0
Original: 513 525 522 519 Corrected: 523.0 535.0 532.0 529.0
Original: 513 525 522 518 Corrected: 523.0 535.0 532.0 528.0
Original: 513 524 521 520 Corrected: 523.0 534.0 531.0 530.0
Original: 517 521 522 518 Corrected: 527.0 531.0 532.0 528.0
Original: 519 521 521 520 Corrected: 529.0 531.0 531.0 530.0
Original: 518 520 522 519 Corrected: 528.0 530.0 532.0 529.0
Original: 515 523 521 519 Corrected: 525.0 533.0 531.0 529.0
Original: 603 531 526 525 Corrected: 603 541.0 536.0 535.0
Original: 758 531 528 528 Corrected: 758 541.0 538.0 538.0
Original: 759 531 529 528 Corrected: 759 531 529 528
Original: 759 532 529 528 Corrected: 759 532 529 528
Original: 579 531 528 527 Corrected: 589.0 541.0 538.0 537.0
Original: 613 530 524 524 Corrected: 613 540.0 534.0 534.0
Original: 509 527 521 521 Corrected: 519.0 537.0 531.0 531.0
Original: 513 524 521 519 Corrected: 523.0 534.0 531.0 529.0
Original: 514 524 521 519 Corrected: 524.0 524 531.0 529.0
Original: 515 524 521 519 Corrected: 515 524 521 529.0
Original: 518 521 520 519 Corrected: 518 521 520 519
Original: 524 505 520 520 Corrected: 524 515.0 520 520
Original: 524 505 522 521 Corrected: 524 515.0 522 521
Original: 524 506 522 520 Corrected: 524 516.0 522 520
Original: 524 509 521 520 Corrected: 524 519.0 521 520
Original: 605 530 526 524 Corrected: 605 530 526 524
Original: 758 531 530 528 Corrected: 758 531 530 528
Original: 758 531 530 528 Corrected: 758 531 530 528
Original: 758 532 529 529 Corrected: 758 532 529 529
Original: 759 532 529 529 Corrected: 759 532 529 529
Original: 759 531 529 528 Corrected: 759 531 529 528
Original: 607 529 523 522 Corrected: 617.0 539.0 533.0 532.0
Original: 511 524 522 519 Corrected: 521.0 534.0 532.0 529.0
Original: 519 520 521 519 Corrected: 529.0 530.0 531.0 529.0
Original: 519 521 520 519 Corrected: 529.0 531.0 520 529.0
Original: 520 520 521 518 Corrected: 530.0 520 521 528.0
Original: 515 522 520 520 Corrected: 515 522 530.0 530.0
Original: 516 522 520 519 Corrected: 516 522 520 519
Original: 515 522 520 520 Corrected: 515 522 520 520
Original: 515 522 519 520 Corrected: 515 522 519 520
Original: 606 530 526 524 Corrected: 606 530 526 524
Original: 531 531 529 527 Corrected: 531 531 529 527
Original: 758 531 528 528 Corrected: 758 531 538.0 528
Original: 758 532 530 528 Corrected: 758 532 530 528
Original: 758 531 529 528 Corrected: 758 531 529 528
Original: 550 531 529 527 Corrected: 560.0 531 529 537.0
Original: 613 528 525 523 Corrected: 613 538.0 535.0 533.0
Original: 507 526 521 520 Corrected: 517.0 536.0 531.0 530.0
Original: 507 526 521 521 Corrected: 517.0 536.0 531.0 531.0
Original: 507 526 521 521 Corrected: 517.0 536.0 531.0 531.0
Original: 508 527 521 520 Corrected: 518.0 527 521 530.0
Original: 507 524 522 520 Corrected: 517.0 534.0 522 530.0
Original: 507 527 521 521 Corrected: 517.0 537.0 531.0 531.0
Original: 507 526 521 521 Corrected: 517.0 536.0 531.0 531.0
Original: 507 527 521 521 Corrected: 517.0 537.0 531.0 531.0
Original: 507 526 521 520 Corrected: 517.0 536.0 531.0 530.0
Original: 507 526 522 521 Corrected: 517.0 536.0 532.0 531.0
Original: 508 527 522 521 Corrected: 518.0 527 522 521
Original: 508 526 521 520 Corrected: 518.0 526 521 520
Original: 507 526 521 520 Corrected: 517.0 526 521 520
Original: 507 527 521 520 Corrected: 517.0 527 521 520
Original: 507 526 522 521 Corrected: 517.0 536.0 522 521
Original: 508 525 521 520 Corrected: 518.0 525 531.0 530.0
Original: 507 526 522 521 Corrected: 517.0 526 532.0 531.0
Original: 508 526 521 520 Corrected: 518.0 526 521 530.0
Original: 508 526 520 520 Corrected: 518.0 526 530.0 520
Original: 507 527 521 520 Corrected: 517.0 527 531.0 520
Original: 507 526 522 520 Corrected: 517.0 536.0 532.0 520
Original: 507 526 522 520 Corrected: 517.0 536.0 532.0 520
Original: 507 526 523 521 Corrected: 517.0 536.0 533.0 521
Original: 507 526 523 521 Corrected: 517.0 536.0 533.0 521
Original: 508 526 522 521 Corrected: 518.0 526 522 521
Original: 508 527 521 520 Corrected: 518.0 527 521 520
Original: 507 525 521 521 Corrected: 517.0 535.0 521 521
Original: 507 526 522 521 Corrected: 517.0 536.0 522 521
Original: 508 526 522 520 Corrected: 518.0 526 522 520
Original: 508 527 522 520 Corrected: 518.0 527 522 520
Original: 508 526 521 520 Corrected: 518.0 526 521 520
Original: 508 527 522 520 Corrected: 518.0 527 522 520
Original: 506 527 521 520 Corrected: 516.0 527 531.0 520
Original: 507 527 522 520 Corrected: 517.0 527 522 520
Original: 508 527 522 521 Corrected: 518.0 527 522 521
Original: 507 526 522 521 Corrected: 517.0 536.0 522 521
Original: 507 526 521 520 Corrected: 517.0 536.0 531.0 530.0
Original: 508 527 522 520 Corrected: 518.0 527 522 520
Original: 508 526 522 520 Corrected: 518.0 526 522 520
Original: 507 526 521 521 Corrected: 517.0 526 531.0 521
Original: 508 526 522 521 Corrected: 518.0 526 522 521
Original: 507 527 522 520 Corrected: 517.0 527 522 530.0
Original: 508 526 521 520 Corrected: 518.0 526 521 520
Original: 507 526 521 520 Corrected: 517.0 526 521 520
Original: 508 526 522 520 Corrected: 518.0 526 522 520
Original: 507 526 522 520 Corrected: 517.0 526 522 520
Original: 508 526 522 520 Corrected: 518.0 526 522 520
Original: 508 527 522 521 Corrected: 518.0 527 522 521
Original: 507 526 520 521 Corrected: 517.0 536.0 530.0 521
Original: 508 526 522 522 Corrected: 518.0 526 522 522
Original: 508 525 522 520 Corrected: 518.0 525 522 520
Original: 508 526 522 520 Corrected: 518.0 526 522 520
Original: 508 526 522 521 Corrected: 518.0 526 522 521
Original: 507 526 521 520 Corrected: 517.0 526 531.0 530.0
Original: 508 527 522 520 Corrected: 518.0 527 522 520
Original: 507 527 522 520 Corrected: 517.0 527 522 520
Original: 508 525 521 521 Corrected: 518.0 525 521 521
Original: 508 526 522 521 Corrected: 518.0 526 522 521
Original: 508 526 522 520 Corrected: 518.0 526 522 520
Original: 507 526 522 521 Corrected: 517.0 526 522 521
